1
2
3
4
5
6
7
8
9
10
11
12
13
14
15
16
17
18
30
31
33
34
35
47
54
55
56
58
128
129
178
191
200
201
204
221
222
239
256
257
258
259
260
261
262
263
264
265
266
267
268
269
272
288
310
316
317
327
330
331
332
333
334
335
336
337
338
339
350
391
401
428
429
430
436
440
441
474
475
478
479
480
481
495
506
507
508
509
533
537
542
544
545
550
555
567
568
571
572
573
574
575
591
592
610
622
623
624
630
642
649
651
652
653
654
655
682
692
702
703
725
751
759
760
779
780
781
782
791
796
808
812
842
862
863
896
900
902
904
906
911
912
915
925
927
928
936
937
938
939
940
942
943
944
947
964
966
986
992
995
998
999
1018
1044
1055
1057
1061
1089
1099
1152
1192
1216
1239
1244
1255
1256
1286
1303
1310
1312
1314
1318
1344
1378
1383
1398
1399
1412
1423
1460
1498
1499
1508
1514
1516
1517
1540
1558
1564
1565
1599
1619
1657
1664
1665
1666
1667
1668
1669
1670
1711
1716
1719
1733
1734
1737
1749
1750
1781
1782
1785
1787
1789
1802
1825
1826
1828
1829
1846
1848
1849
1851
1853
1858
1878
1879
1888
1929
1933
1989
2013
2014
2017
2057
2066
2067
2068
2069
2073
2074
2075
2076
2094
2097
2099
2115
2165
2166
2168
2169
2170
2171
2182
2194
2195
2222
2245
2256
2257
2258
2261
2262
2270
2273
2301
2333
2355
2371
2372
2384
2391
2392
2400
2401
2402
2403
2404
2405
2406
2407
2408
2409
2410
2411
2412
2413
2414
2415
2416
2417
2418
2419
2420
2421
2422
2423
2424
2425
2426
2427
2428
2429
2430
2431
2432
2433
2434
2435
2436
2437
2438
2439
2440
2441
2442
2443
2444
2445
2446
2447
2448
2449
2450
2451
2452
2453
2454
2455
2456
2457
2458
2459
2460
2461
2462
2463
2464
2465
2466
2467
2468
2469
2470
2471
2472
2473
2474
2475
2476
2477
2478
2479
2480
2481
2482
2483
2484
2485
2486
2487
2488
2489
2490
2491
2492
2493
2494
2495
2496
2497
2498
2499
2500
2501
2502
2503
2504
2505
2506
2507
2508
2509
2510
2511
2512
2513
2514
2515
2516
2517
2518
2519
2520
2521
2522
2523
2524
2525
2526
2527
2528
2529
2530
2531
2532
2533
2534
2535
2536
2537
2538
2539
2540
2541
2542
2543
2544
2545
2546
2547
2548
2549
2550
2551
2552
2553
2554
2555
2556
2557
2558
2559
2560
2561
2562
2563
2564
2565
2566
2567
2568
2569
2570
2571
2572
2573
2574
2575
2576
2577
2578
2579
2580
2581
2582
2583
2584
2585
2586
2587
2588
2589
2590
2591
2592
2593
2594
2595
2596
2597
2598
2599
2600
2601
2602
2603
2604
2605
2606
2607
2608
2609
2610
2611
2612
2613
2614
2615
2616
2617
2618
2619
2620
2621
2622
2623
2624
2625
2626
2627
2628
2629
2630
2631
2632
2633
2634
2635
2636
2637
2638
2639
2640
2641
2642
2643
2644
2645
2646
2647
2648
2649
2650
2651
2652
2653
2654
2655
2656
2657
2658
2659
2660
2661
2662
2663
2664
2665
2666
2667
2668
2669
2670
2671
2672
2673
2674
2675
2676
2677
2678
2679
2680
2681
2682
2683
2684
2685
2686
2687
2688
2689
2690
2691
2692
2693
2694
2695
2696
2697
2698
2699
2700
2701
2702
2703
2704
2705
2706
2707
2708
2709
2710
2711
2712
2713
2714
2715
2716
2717
2718
2719
2720
2721
2722
2723
2724
2725
2726
2727
2728
2729
2730
2731
2732
2733
2734
2735
2736
2737
2738
2739
2740
2741
2742
2743
2744
2745
2746
2747
2748
2749
2750
2751
2752
2753
2754
2755
2756
2757
2758
2759
2760
2761
2762
2763
2764
2765
2766
2767
2768
2769
2770
2771
2772
2773
2774
2775
2776
2777
2778
2779
2780
2781
2782
2783
2784
2785
2786
2787
2788
2789
2790
2791
2792
2793
2794
2795
2796
2797
2798
2799
2800
2801
2802
2803
2804
2805
2806
2807
2808
2809
2810
2811
2812
2813
2814
2815
2816
2817
2818
2819
2820
2821
2822
2823
2824
2825
2826
2827
2828
2829
2830
2831
2832
2833
2834
2835
2836
2837
2838
2839
2840
2841
2842
2843
2844
2845
2846
2847
2848
2849
2850
2851
2852
2853
2854
2855
2856
2857
2858
2859
2860
2861
2862
2863
2864
2865
2866
2867
2868
2869
2870
2871
2872
2873
2874
2875
2876
2877
2878
2879
2880
2881
2882
2883
2884
2885
2886
2887
2888
2889
2890
2891
2892
2893
2894
2895
2896
2897
2898
2899
2900
2901
2902
2903
2904
2905
2906
2907
2908
2909
2910
2911
2912
2913
2914
2915
2916
2917
2918
2919
2920
2921
2922
2923
2924
2925
2926
2927
2928
2929
2930
2931
2932
2933
2934
2935
2936
2937
2938
2939
2940
2941
2942
2943
2945
2947
2949
2958
2959
2960
2961
2962
2963
2964
2965
2966
2967
2968
2969
2970
2971
2972
2973
2974
2975
2976
2977
2978
2979
2980
2981
2982
2983
2984
2985
2986
2987
2988
2989
2990
2991
2992
2993
2994
2995
2996
2997
2998
3000
3005
3007
3008
3013
3014
3015
3019
3022
3025
3046
3049
3069
3075
3081
3082
3083
3086
3088
3094
3105
3108
3109
3112
3113
3114
3115
3116
3121
3124
3127
3146
3147
3165
3167
3178
3193
3211
3214
3219
3221
3226
3229
3230
3231
3232
3233
3234
3250
3256
3257
3316
3320
3325
3329
3358
3386
3389
3394
3402
3403
3410
3428
3433
3434
3442
3447
3460
3468
3474
3475
3477
3483
3485
3488
3492
3493
3526
3527
3554
3567
3580
3589
3590
3591
3594
3607
3626
3638
3674
3697
3731
3776
3779
3851
3854
3936
3937
3938
3939
3957
3993
4025
4042
4048
4049
4050
4051
4053
4076
4118
4120
4121
4122
4123
4124
4125
4126
4127
4128
4145
4151
4152
4154
4155
4220
4221
4225
4229
4230
4248
4257
4261
4309
4393
4398
4402
4440
4450
4451
4468
4472
4473
4478
4479
4480
4481
4485
4503
4505
4550
4551
4552
4555
4560
4572
4573
4639
4697
4701
4702
4708
4724
4761
4793
4829
4841
4844
4846
4847
4848
4857
4858
4859
4860
4861
4862
4863
4864
4891
4935
4941
4943
4958
4960
4962
4963
4964
4966
4969
4970
4971
4972
4974
4976
4979
4980
4981
4982
4984
5051
5081
5093
5249
5255
5303
5304
5362
5460
5477
5499
5610
5616
5617
5623
5626
5627
5644
5672
5702
5703
5719
5756
5780
5781
5831
5832
5833
5854
5882
5923
5928
5929
5940
5955
5965
5967
6008
6021
6090
6095
6096
6097
6102
6113
6126
6147
6183
6212
6233
6245
6251
6255
6305
6313
6369
6384
6386
6401
6402
6404
6422
6429
6444
6450
6451
6453
6454
6455
6456
6457
6476
6515
6534
6536
6562
6627
6656
6668
6690
6714
6715
6717
6718
6719
6720
6721
6722
6723
6724
6725
6726
6727
6728
6729
6730
6731
6732
6733
6734
6735
6736
6737
6738
6739
6740
6755
6756
6760
6761
6762
6763
6764
6765
6766
6767
6768
6769
6770
6771
6772
6773
6774
6775
6776
6777
6778
6779
6780
6781
6782
6783
6784
6785
6786
6787
6788
6789
6790
6791
6792
6793
6794
6795
6796
6797
6798
6799
6800
6801
6802
6803
6804
6805
6806
6807
6808
6809
6810
6811
6812
6813
6814
6815
6816
6817
6818
6819
6820
6821
6822
6823
6824
6825
6826
6827
6828
6829
6830
6831
6832
6833
6834
6835
6836
6837
6838
6839
6840
6841
6842
6843
6844
6845
6846
6847
6848
6849
6850
6851
6852
6853
6854
6855
6856
6857
6858
6859
6860
6861
6862
6863
6864
6865
6866
6867
6868
6869
6870
6871
6872
6873
6874
6875
6876
6877
6878
6879
6889
6890
6891
6892
6893
6894
6895
6896
6897
6898
6899
6900
6901
6902
6908
6909
6921
6922
6923
6924
6925
6926
6927
6928
6929
6930
6931
6932
6933
6960
6961
6965
6982
7005
7038
7105
7106
7108
7109
7110
7111
7137
7138
7139
7150
7151
7154
7155
7156
7175
7176
7177
7178
7179
7180
7181
7182
7184
7185
7186
7187
7188
7189
7190
7191
7192
7193
7206
7207
7208
7209
7210
7211
7212
7213
7215
7216
7217
7218
7228
7229
7231
7247
7248
7249
7250
7251
7252
7253
7254
7281
7307
7332
7336
7339
7381
7382
7414
7421
7463
7504
7558
7561
7580
7581
7582
7583
7584
7585
7586
7589
7590
7591
7592
7593
7594
7595
7604
7605
7606
7607
7608
7609
7610
7611
7612
7613
7614
7615
7616
7617
7618
7619
7620
7621
7622
7623
7624
7625
7626
7627
7628
7677
7686
7688
7689
7728
7732
7739
7835
7935
7944
7947
7948
7949
7958
7971
7978
7980
8007
8012
8015
8024
8041
8046
8049
8090
8106
8120
8128
8148
8149
8158
8183
8184
8196
8206
8211
8266
8295
8315
8319
8321
8322
8337
8366
8369
8370
8393
8408
8413
8420
8424
8431
8466
8469
8490
8494
8495
8540
8560
8562
8597
8658
8665
8731
8732
8780
8790
8796
8827
8831
8839
8856
8870
8882
8885
8932
8933
8934
8935
9001
9002
9006
9007
9012
9026
9028
9030
9031
9038
9109
9119
9121
9134
9145
9156
9157
9158
9163
9166
9188
9189
9230
9236
9238
9285
9286
9343
9356
9447
9473
9522
9541
9545
9580
9583
9587
9593
9609
9612
9617
9624
9628
9652
9653
9655
9709
9759
9777
9778
9779
9794
9817
9821
9822
9823
9824
9825
9836
9837
9841
9858
9863
9902
9903
9904
9907
9927
9935
9943
9951
9954
9998
10017
10022
10025
10026
10027
10028
10054
10062
10078
10103
10104
10106
10127
10128
10132
10143
10159
10164
10203
10204
10212
10216
10222
10230
10232
10250
10252
10279
10281
10286
10306
10352
10354
10362
10364
10376
10393
10424
10465
10466
10470
10478
10480
10483
10490
10494
10504
10506
10513
10546
10586
10593
10611
10612
10616
10622
10624
10643
10652
10657
10660
10661
10662
10663
10696
10698
10701
10703
10721
10748
10760
10768
10774
10775
10780
10786
10787
10789
10794
10799
10800
10801
10802
10803
10806
10809
10810
10811
10812
10813
10814
10826
10839
10840
10842
10843
10847
10849
10850
10851
10854
10855
10856
10862
10892
10914
10956
10971
10974
10977
10979
10990
11001
11012
11049
11052
11148
11201
11233
11238
11279
11288
11308
11330
11331
11332
11333
11334
11335
11336
11337
11338
11339
11340
11341
11342
11343
11375
11380
11394
11442
11507
11545
11583
11602
11622
11624
11628
11629
11630
11631
11632
11633
11634
11635
11636
11637
11638
11639
11640
11641
11642
11643
11644
11645
11646
11647
11648
11649
11650
11651
11652
11653
11654
11655
11656
11657
11658
11659
11660
11661
11662
11663
11664
11665
11666
11667
11668
11669
11670
11671
11672
11673
11674
11675
11676
11677
11678
11679
11680
11681
11682
11683
11684
11685
11686
11687
11688
11689
11690
11691
11692
11693
11694
11695
11696
11697
11698
11699
11700
11701
11702
11703
11721
11742
11757
11775
11788
11793
11810
11834
11838
11853
11854
11857
11858
11859
11863
11865
11889
11964
11990
11992
12009
12013
12015
12020
12045
12068
12069
12078
12079
12085
12094
12110
12139
12140
12205
12206
12207
12236
12239
12244
12246
12248
12251
12252
12254
12263
12279
12337
12338
12339
12340
12341
12342
12343
12344
12398
12401
12404
12412
12425
12426
12427
12428
12429
12464
12467
12472
12477
12480
12496
12499
12516
12525
12530
12538
12547
12549
12552
12554
12564
12572
12573
12578
12584
12595
12596
12601
12602
12608
12616
12642
12647
12658
12660
12667
12670
12743
12752
12786
12796
12855
12887
12889
12895
12904
12922
12935
12982
12985
12997
13006
13012
13013
13045
13059
13125
13126
13136
13145
13170
13173
13200
13219
13231
13237
13238
13242
13243
13278
13361
13362
13369
13370
13372
13378
13403
13407
13415
13434
13445
13497
13536
13542
13562
13568
13573
13582
13605
13658
13684
13711
13734
13735
13737
13738
13739
13740
13743
13744
13745
13750
13751
13752
13754
13755
13762
13773
13777
13778
13785
13786
13787
13788
13789
13790
13791
13792
13794
13795
13797
13798
13799
13800
13802
13805
13811
13819
13821
13831
13841
13861
13862
13863
13868
13869
13870
13871
13872
13873
13874
13875
13890
13900
13906
13963
13965
13966
13967
13969
13970
13971
13972
13973
13974
13975
13976
13977
13978
13979
13980
13981
13982
13983
13984
13985
13986
14006
14013
14018
14022
14037
14080
14107
14172
14205
14233
14243
14263
14295
14323
14324
14419
14427
14447
14467
14549
14559
14582
14584
14587
14590
14591
14616
14629
14636
14652
14664
14736
14752
14765
14768
14772
14773
14774
14775
14776
14777
14778
14779
14780
14781
14782
14783
14784
14785
14786
14787
14788
14789
14790
14791
14792
14793
14794
14795
14796
14797
14798
14799
14800
14801
14802
14803
14804
14805
14806
14807
14808
14809
14810
14811
14812
14813
14814
14815
14816
14817
14818
14819
14820
14821
14822
14823
14824
14825
14826
14827
14830
14835
14839
14840
14841
14847
14855
14856
14857
14867
14871
14875
14887
14895
14918
14925
14927
14928
14941
14942
14951
14957
14968
14969
14982
14993
15011
15026
15045
15054
15055
15094
15134
15136
15139
15159
15161
15162
15163
15164
15166
15167
15171
15174
15175
15176
15177
15178
15179
15184
15191
15199
15211
15212
15213
15223
15233
15244
15247
15248
15258
15285
15293
15295
15296
15297
15298
15299
15337
15341
15353
15404
15414
15434
15436
15437
15454
15473
15490
15494
15514
15520
15528
15538
15546
15554
15568
15572
15595
15600
15614
15619
15631
15649
15662
15663
15673
15677
15736
15739
15746
15751
15757
15774
15775
15776
15780
15786
15791
15835
15838
15840
15845
15848
15849
15850
15855
15856
15862
15863
15865
15867
15891
15897
15908
15913
15922
15982
15986
15988
15999
16012
16018
16040
16042
16113
16119
16136
16144
16149
16159
16160
16161
16162
16163
16164
16172
16176
16177
16178
16179
16180
16190
16240
16251
16265
16278
16329
16332
16340
16344
16348
16349
16351
16352
16355
16359
16363
16371
16388
16391
16424
16425
16426
16427
16428
16429
16430
16440
16492
16494
16519
16540
16568
16575
16579
16618
16653
16664
16666
16667
16668
16669
16670
16671
16672
16673
16686
16687
16690
16691
16695
16698
16702
16711
16722
16739
16762
16812
16838
16845
16870
16873
16934
16959
16960
16970
16983
16987
17002
17009
17073
17076
17082
17084
17089
17090
17091
17092
17095
17096
17125
17126
17136
17148
17177
17180
17181
17199
17263
17300
17341
17355
17419
17482
17518
17530
17548
17554
17573
17580
17582
17583
17584
17585
17588
17589
17590
17591
17592
17593
17594
17595
17596
17597
17600
17601
17609
17610
17611
17612
17616
17627
17628
17633
17735
17739
17741
17770
17796
17901
17928
17935
17936
17946
17947
17948
18010
18011
18012
18013
18014
18021
18022
18023
18025
18026
18027
18034
18035
18036
18038
18039
18083
18103
18110
18172
18184
18185
18205
18258
18263
18277
18278
18279
18280
18281
18282
18283
18284
18285
18291
18341
18343
18344
18345
18346
18349
18351
18398
18410
18413
18420
18449
18457
18462
18464
18469
18470
18471
18474
18475
18476
18478
18487
18502
18513
18514
18515
18516
18517
18518
18519
18520
18521
18522
18523
18524
18525
18526
18527
18528
18529
18530
18531
18532
18533
18534
18535
18536
18537
18538
18539
18540
18541
18542
18543
18544
18545
18546
18547
18548
18549
18550
18551
18552
18553
18554
18555
18556
18557
18558
18559
18560
18561
18562
18563
18564
18565
18566
18567
18568
18569
18570
18571
18572
18573
18574
18575
18576
18577
18578
18579
18580
18581
18582
18583
18584
18585
18586
18587
18588
18589
18590
18591
18592
18593
18594
18595
18596
18597
18598
18599
18600
18601
18602
18603
18604
18605
18606
18607
18608
18609
18622
18637
18669
18670
18672
18697
18707
18716
18720
18738
18743
18763
18767
18796
18807
18810
18813
18840
18841
18849
18852
18853
18878
18885
18894
18899
18924
18950
18951
18953
18977
18982
18984
18985
18986
18987
18988
18989
18990
18991
18992
18993
18994
18995
18996
18997
18998
18999
19000
19001
19002
19003
19004
19005
19006
19007
19008
19009
19010
19011
19012
19013
19014
19015
19016
19017
19018
19019
19020
19021
19022
19023
19024
19031
19054
19055
19094
19098
19099
19101
19111
19113
19115
19123
19131
19133
19134
19145
19146
19169
19170
19173
19191
19194
19201
19202
19203
19204
19206
19221
19235
19238
19254
19271
19277
19321
19336
19337
19345
19346
19362
19388
19396
19397
19400
19412
19441
19471
19478
19500
19523
19527
19540
19542
19550
19558
19576
19580
19584
19585
19586
19587
19593
19597
19602
19603
19619
19627
19638
19639
19649
19677
19691
19762
19764
19767
19781
19784
19809
19811
19814
19827
19844
19846
19881
19892
19893
19904
19909
19918
19975
19984
19989
19991
19998
20017
20040
20048
20120
20129
20130
20131
20138
20150
20175
20208
20211
20212
20214
20216
20217
20218
20222
20233
20238
20239
20255
20256
20259
20282
20288
20289
20293
20311
20332
20334
20346
20355
20360
20369
20380
20384
20385
20386
20387
20406
20477
20487
20488
20504
20513
20610
20615
20635
20636
20650
20651
20654
20661
20662
20688
20699
20717
20729
20735
20736
20737
20744
20749
20753
20798
20799
20807
20813
20850
20859
20860
20862
20886
20918
21017
21023
21114
21115
21116
21117
21118
21120
21121
21124
21135
21148
21149
21150
21151
21152
21153
21154
21155
21156
21157
21159
21186
21188
21189
21204
21211
21213
21214
21221
21222
21223
21224
21225
21226
21227
21228
21229
21230
21273
21290
21311
21344
21385
21424
21445
21530
21547
21581
21611
21616
21670
21703
21720
21723
21760
21761
21762
21763
21764
21765
21766
21767
21799
21804
21810
21812
21824
21835
21836
21837
21850
21851
21852
21855
21863
21866
21867
21872
21876
21877
21878
21893
21894
21896
21897
21912
21915
21921
21922
21933
21943
21970
22017
22066
22083
22084
22085
22086
22122
22124
22163
22179
22208
22239
22249
22264
22275
22282
22283
22284
22285
22333
22362
22372
22373
22374
22375
22376
22377
22378
22379
22380
22381
22382
22383
22384
22385
22386
22387
22388
22389
22390
22391
22392
22393
22394
22395
22396
22397
22398
22399
22400
22401
22402
22403
22404
22405
22406
22407
22408
22409
22410
22411
22412
22413
22414
22415
22416
22417
22418
22419
22420
22421
22422
22423
22424
22425
22426
22427
22428
22429
22430
22431
22432
22433
22434
22435
22436
22437
22438
22439
22441
22442
22443
22444
22445
22446
22447
22448
22449
22450
22451
22452
22453
22454
22455
22456
22457
22478
22484
22488
22494
22495
22503
22504
22513
22533
22569
22615
22616
22627
22633
22642
22645
22663
22686
22692
22693
22695
22696
22698
22703
22705
22707
22711
22716
22727
22749
22754
22761
22766
22768
22780
22781
22782
22784
22800
22802
22812
22814
22829
22836
22843
22853
22855
22869
22872
22876
22877
22893
22895
22897
22919
22921
22923
22931
22933
22934
22942
22943
22944
22945
22946
22947
22948
22952
22956
22958
22960
22963
22964
22965
22973
22994
22995
23011
23086
23124
23125
23126
23127
23128
23129
23130
23131
23132
23133
23134
23135
23136
23156
23182
23188
23195
23220
23227
23248
23250
23272
23296
23308
23316
23331
23367
23370
23384
23409
23418
23419
23420
23424
23445
23452
23465
23477
23491
23525
23527
23530
23531
23553
23568
23569
23570
23580
23581
23584
23595
23615
23643
23650
23652
23683
23705
23721
23724
23758
23764
23823
23830
23848
23853
23857
23861
23889
23911
23968
24001
24011
24065
24086
24107
24140
24222
24227
24244
24247
24371
24381
24391
24404
24420
24421
24431
24438
24439
24440
24441
24521
24564
24568
24570
24574
24577
24578
24579
24623
24624
24625
24626
24627
24639
24640
24641
24642
24643
24644
24645
24648
24680
24689
24690
24735
24742
24743
24744
24745
24746
24747
24749
24750
24754
24755
24759
24760
24761
24762
24763
24764
24765
24770
24771
24778
24779
24780
24781
24782
24783
24784
24793
24818
24832
24854
24894
24920
25024
25027
25037
25041
25094
25102
25104
25110
25116
25119
25120
25144
25158
25164
25169
25184
25189
25237
25238
25239
25252
25254
25293
25296
25297
25298
25299
25300
25303
25307
25314
25328
25341
25342
25343
25345
25346
25347
25348
25361
25362
25363
25387
25411
25439
25441
25447
25501
25505
25519
25520
25523
25524
25538
25540
25550
25558
25559
25560
25621
25622
25637
25650
25651
25655
25671
25672
25675
25680
25690
25706
25707
25728
25730
25756
25757
25758
25759
25760
25761
25764
25765
25766
25768
25770
25771
25772
25773
25774
25775
25777
25778
25779
25780
25781
25782
25783
25784
25785
25786
25788
25793
25794
25795
25796
25797
25798
25799
25800
25801
25802
25803
25804
25805
25806
25807
25808
25809
25810
25811
25812
25813
25814
25815
25816
25817
25818
25819
25820
25821
25822
25823
25824
25825
25826
25827
25828
25829
25830
25831
25832
25833
25834
25835
25836
25837
25838
25839
25840
25841
25842
25843
25844
25845
25846
25847
25848
25849
25850
25851
25852
25853
25854
25855
25856
25857
25858
25859
25860
25861
25862
25863
25864
25865
25866
25867
25868
25869
25870
25871
25872
25873
25874
25875
25876
25877
25878
25879
25880
25881
25882
25883
25884
25885
25886
25887
25888
25889
25890
25891
25892
25893
25894
25895
25896
25897
25898
25899
25900
25901
25902
25903
25905
25906
25907
25908
25909
25910
25911
25912
25913
25914
25915
25916
25917
25918
25919
25920
25921
25922
25924
25925
25926
25927
25928
25929
25932
25935
25938
25939
25940
25944
25945
25946
25947
25948
25949
25952
25953
25954
25955
25956
25957
25958
25959
25960
25961
25963
25964
25965
25966
25967
25971
25972
25973
25974
25975
25976
25977
25978
25979
25980
25981
25983
25984
25985
25986
25987
25988
25989
25990
25991
26060
26094
26095
26096
26097
26098
26099
26100
26101
26102
26103
26104
26105
26106
26107
26108
26109
26110
26111
26112
26114
26119
26120
26126
26127
26129
26130
26131
26135
26136
26137
26138
26139
26140
26141
26142
26143
26144
26145
26146
26147
26148
26149
26150
26151
26152
26153
26154
26158
26159
26160
26165
26166
26167
26172
26173
26174
26175
26176
26177
26178
26179
26180
26181
26182
26183
26184
26185
26186
26187
26209
26221
26242
26296
26318
26325
26343
26375
26384
26389
26398
26403
26434
26446
26451
26473
26475
26479
26482
26487
26493
26505
26539
26569
26575
26585
26588
26590
26595
26599
26600
26601
26602
26603
26604
26612
26634
26637
26638
26640
26647
26648
26649
26650
26654
26658
26659
26660
26662
26663
26664
26669
26670
26671
26690
26691
26693
26694
26695
26696
26697
26698
26699
26703
26704
26707
26708
26709
26713
26728
26735
26738
26741
26751
26752
26754
26768
26770
26777
26782
26794
26822
26842
26858
26897
26914
26918
26919
26978
27006
27035
27088
27100
27112
27121
27133
27143
27162
27176
27181
27213
27214
27215
27216
27217
27235
27243
27254
27255
27335
27372
27379
27380
27410
27412
27433
27437
27438
27439
27451
27452
27453
27454
27458
27464
27479
27491
27492
27493
27494
27495
27496
27497
27498
27499
27505
27506
27514
27515
27516
27517
27518
27519
27520
27521
27527
27528
27529
27530
27531
27548
27564
27582
27625
27626
27630
27635
27642
27643
27644
27645
27646
27647
27648
27649
27653
27655
27656
27657
27684
27685
27688
27689
27691
27692
27693
27694
27695
27696
27697
27698
27699
27700
27710
27718
27719
27720
27723
27724
27725
27726
27735
27782
27790
27805
27810
27830
27831
27832
27833
27834
27835
27837
27838
27839
27858
27859
27862
27863
27865
27875
27876
27877
27878
27879
27880
27896
27958
27970
27971
27972
27973
27974
27975
27976
27977
27978
27979
27980
27981
27982
27983
27984
27985
27986
27987
27988
27989
27990
27991
27992
27993
27994
27995
28019
28027
28069
28071
28072
28073
28074
28075
28076
28077
28078
28079
28080
28081
28082
28083
28084
28142
28229
28345
28445
28455
28521
28560
28591
28628
28631
28682
28686
28689
28691
28694
28697
28698
28699
28700
28702
28703
28704
28706
28707
28709
28710
28711
28712
28713
28714
28715
28716
28717
28718
28719
28720
28721
28722
28723
28724
28725
28726
28727
28728
28729
28730
28731
28732
28733
28734
28735
28736
28737
28738
28739
28740
28741
28742
28743
28744
28745
28746
28747
28748
28749
28750
28752
28753
28754
28755
28756
28757
28758
28759
28760
28761
28762
28763
28764
28765
28766
28767
28768
28771
28772
28774
28775
28776
28777
28779
28780
28786
28791
28795
28800
28810
28819
28824
28844
28871
28881
28890
28892
28898
28900
28903
28904
28909
28912
28913
28924
28940
28944
28945
28953
28956
28957
28958
28959
29020
29028
29034
29039
29056
29060
29070
29076
29093
29106
29133
29139
29144
29178
29216
29227
29228
29229
29230
29231
29244
29245
29246
29248
29250
29274
29295
29309
29311
29318
29336
29343
29371
29435
29438
29530
29534
29543
29544
29545
29546
29547
29577
29578
29604
29614
29615
29618
29621
29622
29624
29625
29638
29654
29662
29666
29668
29675
29678
29700
29710
29722
29742
29771
29781
29785
29786
29804
29805
29812
29819
29822
29829
29830
29833
29864
29903
29906
29982
29992
29994
30090
30111
30114
30216
30220
30243
30275
30319
30357
30405
30456
30457
30524
30548
30587
30591
30638
30640
30665
30666
30681
30688
30704
30708
30721
30730
30731
30732
30733
30734
30735
30736
30737
30738
30765
30769
30796
30823
30832
30836
30839
30840
30847
30855
30856
30859
30860
30861
30867
30868
30894
30949
30980
31000
31027
31033
31034
31045
31046
31052
31079
31117
31124
31149
31157
31158
31188
31212
31213
31259
31270
31278
31296
31376
31377
31378
31387
31388
31393
31395
31401
31403
31404
31405
31406
31407
31408
31409
31410
31414
31415
31416
31417
31431
31434
31437
31438
31459
31464
31465
31466
31504
31505
31506
31509
31510
31511
31512
31513
31514
31515
31516
31517
31518
31519
31520
31521
31522
31523
31524
31525
31526
31527
31528
31529
31530
31531
31532
31533
31534
31535
31536
31537
31538
31539
31540
31541
31542
31543
31544
31545
31546
31547
31548
31549
31550
31551
31552
31553
31554
31555
31556
31557
31558
31559
31560
31561
31562
31563
31564
31565
31566
31567
31568
31569
31570
31571
31572
31573
31574
31575
31576
31577
31578
31579
31580
31581
31582
31583
31584
31585
31586
31587
31588
31589
31590
31591
31592
31593
31594
31595
31596
31597
31598
31599
31600
31601
31602
31603
31604
31605
31606
31607
31608
31609
31610
31611
31612
31613
31614
31615
31616
31617
31618
31619
31620
31621
31622
31623
31624
31625
31626
31627
31628
31629
31630
31631
31632
31633
31634
31635
31636
31637
31638
31639
31640
31641
31642
31643
31644
31645
31646
31647
31648
31649
31650
31651
31652
31653
31654
31655
31656
31657
31658
31659
31660
31661
31662
31663
31664
31665
31666
31667
31668
31669
31670
31671
31672
31673
31674
31675
31676
31677
31678
31679
31680
31681
31682
31683
31684
31685
31686
31687
31688
31689
31690
31691
31692
31693
31694
31695
31696
31697
31698
31699
31700
31701
31702
31703
31704
31705
31706
31707
31708
31709
31710
31711
31712
31713
31714
31715
31716
31717
31718
31719
31720
31721
31722
31723
31724
31725
31726
31727
31728
31729
31730
31731
31732
31733
31734
31735
31736
31737
31738
31739
31740
31741
31742
31743
31744
31745
31746
31747
31748
31749
31750
31751
31752
31753
31754
31755
31756
31757
31758
31759
31760
31761
31762
31763
31764
31765
31766
31767
31768
31769
31770
31771
31772
31773
31774
31775
31776
31777
31778
31779
31780
31781
31782
31783
31784
31785
31786
31787
31788
31789
31790
31791
31792
31793
31794
31795
31796
31797
31798
31799
31800
31801
31802
31803
31804
31805
31806
31807
31808
31809
31810
31811
31812
31813
31814
31815
31816
31817
31818
31819
31820
31821
31822
31823
31824
31825
31826
31827
31828
31829
31830
31831
31832
31833
31834
31835
31836
31837
31838
31839
31840
31841
31842
31843
31844
31845
31846
31847
31848
31849
31850
31851
31852
31853
31854
31855
31856
31857
31858
31859
31860
31861
31862
31863
31864
31865
31866
31867
31868
31869
31870
31871
31872
31873
31874
31875
31876
31877
31878
31879
31880
31881
31882
31883
31884
31885
31886
31887
31888
31889
31890
31891
31892
31893
31894
31895
31896
31897
31898
31899
31900
31901
31902
31903
31904
31905
31906
31907
31908
31909
31910
31911
31912
31913
31914
31915
31916
31917
31918
31919
31920
31921
31922
31923
31924
31925
31926
31927
31928
31929
31930
31931
31932
31933
31934
31935
31936
31937
31938
31939
31940
31941
31942
31943
31944
31945
31946
31947
31948
31949
31950
31951
31952
31953
31954
31955
31956
31957
31958
31959
31960
31961
31962
31963
31964
31965
31966
31967
31968
31969
31970
31971
31972
31973
31974
31975
31976
31977
31978
31979
31980
31981
31982
31983
31984
31985
31986
31987
31988
31989
31990
31991
31992
31993
31994
31995
31996
31997
31998
31999
32000
32001
32002
32003
32004
32005
32006
32007
32008
32009
32010
32011
32012
32013
32014
32015
32016
32017
32018
32019
32020
32021
32022
32023
32024
32025
32026
32027
32028
32029
32030
32031
32032
32033
32034
32035
32036
32037
32038
32039
32040
32041
32042
32043
32044
32045
32046
32047
32048
32049
32050
32051
32052
32053
32054
32055
32056
32057
32058
32059
32060
32061
32062
32063
32064
32065
32066
32067
32068
32069
32070
32071
32072
32073
32074
32075
32076
32077
32078
32079
32080
32081
32082
32083
32084
32085
32086
32087
32088
32089
32090
32091
32092
32093
32094
32095
32096
32097
32098
32099
32100
32101
32102
32122
32138
32148
32175
32238
32239
32240
32263
32295
32336
32347
32368
32372
32389
32410
32411
32412
32414
32424
32443
32449
32450
32451
32456
32457
32461
32482
32492
32494
32496
32500
32501
32528
32529
32530
32531
32537
32538
32549
32576
32578
32585
32590
32591
32592
32593
32614
32618
32620
32621
32622
32624
32672
32673
32674
32675
32676
32677
32678
32744
32746
32748
32780
32828
32844
32845
32848
32849
32857
32864
32904
32934
32941
32960
32981
32995
33002
33050
33064
33156
33164
33182
33185
33188
33189
33212
33234
33237
33238
33239
33294
33299
33302
33304
33307
33308
33309
33311
33339
33340
33341
33360
33361
33400
33416
33417
33422
33442
33448
33459
33460
33461
33469
33484
33485
33490
33491
33496
33497
33498
33499
33500
33501
33502
33503
33516
33526
33601
33602
33603
33604
33606
33638
33715
33736
33743
33747
33748
33767
33801
33802
33858
33859
33873
33874
33881
33911
33912
33913
33928
33933
33938
33943
33944
33959
33973
33979
33983
34034
34035
34040
34047
34048
34050
34109
34114
34115
34130
34146
34151
34153
34154
34156
34158
34159
34201
34219
34230
34240
34242
34243
34244
34245
34247
34254
34255
34257
34260
34261
34262
34264
34265
34266
34267
34268
34269
34270
34271
34272
34273
34274
34275
34276
34277
34278
34279
34280
34281
34282
34283
34284
34285
34286
34287
34288
34289
34290
34291
34292
34293
34294
34295
34296
34297
34298
34299
34300
34301
34302
34303
34304
34305
34306
34307
34308
34309
34310
34311
34312
34313
34314
34315
34316
34317
34318
34319
34320
34321
34322
34323
34324
34325
34326
34327
34328
34329
34330
34331
34332
34333
34334
34335
34336
34337
34338
34339
34340
34341
34342
34343
34344
34345
34346
34347
34348
34349
34350
34351
34352
34355
34356
34358
34359
34370
34371
34372
34384
34387
34390
34391
34404
34405
34407
34408
34409
34415
34416
34417
34418
34419
34420
34421
34422
34423
34424
34425
34426
34428
34429
34430
34431
34432
34433
34434
34435
34436
34437
34438
34439
34440
34441
34451
34452
34453
34454
34455
34456
34457
34458
34459
34460
34461
34462
34463
34464
34465
34499
34500
34501
34502
34503
34504
34505
34515
34516
34517
34549
34614
34617
34630
34666
34670
34675
34690
34697
34830
34846
34849
34853
34855
34856
34859
34872
34876
34878
34914
34939
34950
34961
34968
34975
34976
34986
35013
35038
35063
35075
35092
35093
35094
35095
35096
35097
35098
35099
35101
35102
35103
35104
35106
35108
35116
35118
35119
35136
35184
35197
35233
35242
35243
35244
35245
35246
35247
35248
35249
35250
35251
35305
35307
35328
35330
35332
35344
35349
35350
35353
35372
35395
35397
35398
35399
35400
35401
35402
35403
35404
35405
35437
35447
35450
35472
35476
35480
35484
35485
35494
35498
35509
35510
35543
35545
35559
35566
35568
35569
35616
35638
35672
35694
35695
35698
35734
35831
35920
35954
35983
35984
35985
35986
35987
35998
36020
36039
36041
36133
36134
36138
36139
36140
36143
36157
36158
36170
36173
36174
36175
36176
36177
36178
36179
36180
36181
36184
36188
36192
36201
36202
36206
36207
36234
36243
36244
36245
36246
36247
36248
36249
36258
36262
36263
36264
36265
36281
36285
36296
36300
36301
36317
36333
36336
36340
36346
36363
36364
36365
36367
36368
36376
36448
36449
36461
36466
36469
36472
36473
36474
36508
36518
36519
36524
36540
36541
36546
36550
36551
36556
36557
36589
36592
36611
36618
36638
36641
36644
36678
36687
36690
36717
36742
36745
36765
36773
36779
36804
36831
36832
36842
36893
36908
36911
36922
36956
36964
36975
37012
37035
37036
37051
37109
37117
37131
37135
37141
37143
37144
37145
37146
37147
37148
37149
37150
37151
37152
37153
37154
37155
37156
37157
37158
37159
37160
37161
37162
37163
37164
37165
37166
37167
37168
37169
37170
37171
37172
37173
37174
37175
37176
37177
37178
37179
37180
37181
37182
37183
37184
37185
37187
37188
37189
37190
37191
37192
37193
37194
37195
37196
37197
37198
37199
37200
37201
37202
37203
37204
37205
37206
37207
37208
37209
37210
37211
37212
37213
37214
37215
37216
37217
37218
37219
37220
37221
37222
37223
37224
37225
37226
37227
37228
37229
37230
37231
37232
37233
37234
37235
37236
37237
37238
37239
37240
37241
37242
37243
37244
37245
37246
37247
37248
37249
37250
37251
37252
37253
37254
37255
37256
37257
37258
37259
37260
37261
37262
37263
37264
37265
37266
37267
37268
37269
37270
37271
37272
37273
37274
37275
37276
37277
37278
37279
37280
37281
37282
37283
37284
37285
37287
37288
37289
37295
37309
37316
37337
37339
37355
37358
37359
37364
37388
37389
37402
37418
37419
37423
37424
37425
37427
37431
37435
37439
37440
37441
37442
37443
37444
37445
37446
37447
37477
37487
37505
37509
37519
37520
37529
37532
37533
37534
37535
37536
37537
37550
37555
37563
37564
37576
37582
37597
37598
37608
37609
37610
37611
37612
37613
37614
37615
37616
37621
37636
37653
37665
37675
37680
37716
37717
37729
37735
37736
37737
37769
37821
37846
37886
37888
37904
37908
37914
37931
37933
37936
37937
37938
37942
37955
37956
37957
37958
37959
37960
37963
37964
37965
37966
37969
37970
37971
37972
37973
37974
37975
37976
37977
37978
37979
37980
37997
38018
38040
38046
38058
38062
38065
38084
38086
38108
38109
38113
38144
38183
38187
38191
38202
38205
38211
38215
38325
38333
38335
38336
38343
38345
38346
38361
38369
38382
38385
38386
38389
38418
38470
38474
38520
38552
38557
38629
38634
38688
38692
38695
38733
38740
38761
38767
38773
38774
38797
38825
38850
38877
38879
38880
38881
38886
38887
38901
38914
38922
38934
38966
39000
39002
39014
39020
39021
39025
39030
39031
39033
39034
39035
39036
39037
39038
39039
39043
39044
39045
39046
39047
39048
39055
39056
39065
39066
39068
39069
39070
39071
39072
39086
39088
39089
39102
39105
39106
39107
39108
39118
39121
39128
39164
39166
39220
39234
39235
39236
39240
39255
39267
39295
39299
39307
39322
39328
39341
39350
39383
39421
39422
39450
39468
39476
39501
39502
39503
39512
39516
39520
39528
39542
39543
39544
39555
39558
39559
39560
39561
39562
39563
39565
39567
39568
39569
39570
39571
39572
39573
39574
39575
39576
39577
39578
39579
39580
39581
39582
39583
39584
39585
39586
39587
39588
39589
39590
39591
39592
39593
39594
39595
39596
39597
39598
39599
39600
39601
39602
39603
39604
39605
39606
39607
39608
39609
39610
39611
39612
39613
39614
39615
39616
39617
39618
39619
39620
39621
39622
39623
39624
39625
39626
39627
39628
39629
39630
39631
39632
39633
39634
39635
39636
39637
39638
39639
39640
39641
39642
39643
39644
39645
39646
39647
39656
39659
39663
39669
39674
39679
39713
39720
39725
39775
39778
39779
39787
39800
39806
39812
39814
39817
39819
39828
39846
39848
39850
39851
39854
39862
39863
39874
39883
39886
39887
39889
39895
39898
39899
39905
39911
39922
39939
39942
39947
39948
39961
39962
39966
39975
39976
39978
39981
39983
39986
39989
39990
39991
39997
40001
40010
40013
40015
40017
40019
40027
40028
40033
40041
40042
40046
40066
40069
40075
40095
40099
40104
40105
40118
40143
40150
40151
40152
40153
40154
40165
40166
40167
40209
40211
40259
40275
40289
40302
40334
40336
40343
40469
40470
40481
40482
40489
40501
40544
40551
40553
40560
40563
40618
40630
40631
40638
40668
40726
40733
40738
40795
40798
40812
40833
40834
40837
40874
40880
40892
40910
40948
40960
40964
40965
40986
40992
41009
41059
41060
41088
41089
41112
41114
41116
41119
41127
41128
41161
41215
41242
41253
41278
41285
41286
41288
41290
41298
41307
41312
41313
41314
41317
41323
41327
41328
41329
41333
41334
41344
41347
41348
41349
41351
41367
41406
41461
41506
41513
41517
41524
41525
41527
41529
41537
41545
41546
41547
41548
41549
41550
41551
41552
41553
41554
41555
41556
41557
41558
41559
41560
41561
41562
41563
41564
41565
41566
41567
41568
41569
41570
41571
41572
41573
41574
41575
41576
41577
41578
41579
41580
41581
41582
41583
41584
41585
41586
41587
41588
41589
41590
41591
41592
41593
41594
41595
41596
41597
41598
41599
41600
41601
41602
41603
41604
41605
41606
41607
41608
41609
41610
41611
41612
41613
41614
41615
41616
41617
41618
41619
41620
41621
41622
41623
41624
41625
41626
41627
41628
41629
41630
41631
41632
41633
41634
41635
41636
41637
41638
41639
41640
41641
41642
41643
41644
41645
41646
41647
41648
41649
41650
41651
41652
41653
41654
41655
41656
41657
41658
41659
41660
41661
41662
41663
41664
41665
41666
41667
41668
41669
41670
41671
41672
41673
41674
41675
41676
41677
41678
41679
41680
41681
41682
41683
41684
41685
41686
41687
41688
41689
41690
41691
41692
41693
41694
41695
41696
41697
41698
41699
41700
41701
41702
41703
41704
41705
41706
41707
41708
41709
41710
41711
41712
41713
41714
41715
41716
41717
41718
41719
41720
41721
41722
41723
41724
41725
41726
41727
41728
41729
41730
41731
41732
41733
41734
41735
41736
41737
41738
41739
41740
41741
41742
41743
41744
41745
41746
41747
41748
41749
41750
41751
41752
41753
41754
41755
41756
41757
41758
41759
41760
41761
41762
41763
41764
41765
41766
41767
41768
41769
41770
41771
41772
41773
41774
41775
41776
41777
41778
41779
41780
41781
41782
41783
41784
41785
41786
41787
41788
41789
41790
41791
41792
41793
41794
41795
41796
41797
41798
41799
41800
41801
41802
41803
41804
41805
41806
41807
41808
41809
41810
41811
41812
41813
41814
41815
41816
41817
41818
41819
41820
41821
41822
41823
41824
41825
41826
41827
41828
41829
41830
41831
41832
41833
41834
41835
41836
41837
41838
41839
41840
41841
41842
41843
41844
41845
41846
41847
41848
41849
41850
41851
41852
41853
41854
41855
41856
41857
41858
41859
41860
41861
41862
41863
41864
41865
41866
41867
41868
41869
41870
41871
41872
41873
41874
41875
41876
41877
41878
41879
41880
41881
41882
41883
41884
41885
41886
41887
41888
41889
41890
41891
41892
41893
41894
41895
41896
41897
41898
41899
41900
41901
41902
41903
41904
41905
41906
41907
41908
41909
41910
41911
41912
41913
41914
41915
41916
41917
41918
41919
41920
41921
41922
41923
41924
41928
41930
41931
41933
41934
41935
41936
41937
41938
41940
41941
41942
41944
41964
41969
41971
41977
41997
42003
42004
42011
42032
42033
42034
42035
42037
42042
42044
42045
42046
42121
42132
42138
42151
42172
42178
42235
42247
42254
42275
42308
42311
42360
42362
42363
42364
42374
42375
42453
42458
42474
42475
42500
42501
42504
42506
42519
42529
42537
42543
42549
42576
42579
42587
42589
42590
42591
42592
42595
42596
42597
42598
42688
42689
42716
42760
42762
42770
42820
42821
42822
42832
42904
43018
43060
43099
43116
43142
43145
43149
43182
43196
43248
43269
43270
43271
43277
43362
43391
43399
43401
43415
43452
43464
43498
43529
43546
43547
43596
43649
43759
43779
43780
43781
43782
43783
43791
43792
43807
43813
43819
43820
43824
43825
43827
43832
43833
43834
43835
43836
43837
43838
43839
43840
43841
43842
43843
43844
43845
43846
43847
43848
43849
43850
43851
43852
43853
43854
43855
43856
43857
43858
43859
43860
43861
43862
43863
43864
43865
43866
43867
43868
43869
43870
43871
43872
43873
43874
43875
43876
43877
43878
43879
43880
43881
43882
43883
43884
43885
43886
43887
43888
43889
43890
43891
43892
43893
43894
43895
43896
43897
43898
43899
43900
43901
43902
43903
43904
43905
43906
43907
43908
43909
43910
43911
43912
43913
43914
43915
43916
43917
43918
43919
43920
43921
43922
43923
43924
43925
43926
43927
43928
43929
43930
43931
43932
43933
43934
43935
43936
43937
43938
43939
43940
43941
43942
43943
43944
43945
43946
43947
43948
43949
43950
43951
43952
43953
43954
43955
43956
43957
43958
43959
43960
43961
43962
43963
43964
43965
43966
43967
43968
43969
43970
43971
43972
43973
43974
43975
43976
43977
43978
43979
43980
43981
43982
43983
43984
43985
43986
43987
43988
43989
43990
43991
43992
43993
43994
43995
43996
43997
43998
43999
44000
44001
44002
44003
44004
44005
44006
44007
44008
44009
44010
44011
44012
44013
44014
44015
44016
44017
44018
44019
44020
44021
44022
44023
44024
44025
44026
44027
44028
44029
44030
44031
44032
44033
44034
44035
44036
44037
44038
44039
44040
44041
44042
44043
44044
44045
44046
44047
44048
44049
44050
44051
44052
44053
44054
44055
44056
44057
44058
44059
44060
44061
44062
44063
44064
44065
44066
44067
44068
44069
44070
44071
44072
44073
44074
44075
44076
44077
44078
44079
44080
44081
44082
44083
44084
44085
44086
44087
44088
44089
44090
44091
44092
44093
44094
44095
44096
44097
44098
44099
44100
44101
44102
44103
44104
44105
44106
44107
44108
44109
44110
44111
44112
44113
44114
44115
44116
44117
44118
44119
44120
44121
44122
44123
44124
44125
44126
44127
44128
44129
44130
44131
44132
44133
44134
44135
44136
44137
44138
44139
44140
44141
44142
44143
44144
44145
44146
44147
44148
44149
44150
44151
44152
44153
44154
44155
44156
44157
44158
44159
44160
44161
44162
44163
44164
44165
44166
44167
44168
44169
44170
44171
44172
44173
44174
44175
44176
44177
44178
44179
44180
44181
44182
44183
44184
44185
44186
44187
44188
44189
44190
44191
44192
44193
44194
44195
44196
44197
44198
44199
44200
44201
44202
44203
44204
44205
44206
44207
44208
44209
44210
44211
44212
44213
44214
44215
44216
44217
44218
44219
44220
44221
44222
44223
44224
44225
44226
44227
44228
44229
44230
44233
44236
44238
44239
44250
44251
44252
44259
44269
44286
44287
44298
44313
44314
44323
44324
44325
44329
44337
44349
44366
44367
44389
44390
44397
44447
44458
44466
44470
44479
44491
44517
44521
44523
44524
44525
44526
44527
44528
44532
44534
44535
44537
44550
44556
44557
44581
44589
44606
44612
44613
44616
44619
44624
44625
44626
44632
44640
44660
44679
44693
44699
44725
44727
44731
44743
44749
44757
44764
44792
44799
44802
44805
44816
44821
44869
44877
44881
44885
44896
44899
44900
44931
44953
44962
44976
44980
44984
44986
44988
44994
45005
45022
45027
45033
45042
45052
45055
45084
45096
45105
45110
45121
45151
45165
45175
45239
45240
45243
45244
45270
45271
45294
45304
45305
45306
45320
45328
45368
45429
45434
45464
45555
45582
45602
45638
45662
45665
45666
45674
45691
45697
45762
45875
45876
45906
45930
45938
45945
45946
45947
45948
45949
45952
45953
45954
45955
45956
45957
45958
45960
45961
45962
45967
45968
45969
45970
45971
45972
45973
45974
45975
45976
45977
45978
45979
45980
45981
45982
45983
45984
45985
45986
45987
45988
45989
45990
45991
45992
45993
45994
45995
45996
45997
45998
45999
46000
46001
46002
46003
46004
46005
46006
46007
46008
46009
46010
46011
46012
46013
46014
46015
46016
46017
46018
46019
46020
46021
46022
46023
46024
46025
46026
46027
46028
46029
46030
46031
46032
46033
46034
46035
46036
46037
46038
46039
46040
46041
46042
46043
46044
46045
46046
46047
46048
46049
46050
46051
46052
46053
46054
46055
46056
46057
46058
46059
46060
46061
46062
46063
46064
46065
46066
46067
46068
46069
46070
46071
46072
46073
46074
46075
46076
46077
46078
46079
46080
46081
46082
46083
46084
46085
46086
46087
46088
46089
46090
46091
46092
46093
46094
46095
46096
46097
46098
46099
46100
46101
46102
46103
46104
46105
46106
46107
46108
46109
46110
46111
46112
46113
46114
46115
46116
46117
46118
46119
46120
46121
46122
46123
46124
46125
46126
46127
46128
46129
46130
46131
46132
46133
46134
46135
46136
46137
46138
46139
46140
46141
46142
46143
46144
46145
46146
46147
46148
46149
46150
46151
46152
46153
46154
46155
46156
46157
46158
46159
46160
46161
46162
46163
46164
46165
46166
46167
46168
46169
46170
46171
46172
46173
46174
46175
46176
46177
46178
46179
46180
46181
46182
46183
46184
46185
46186
46187
46188
46189
46190
46191
46192
46193
46194
46195
46196
46197
46198
46199
46200
46201
46202
46203
46204
46205
46206
46207
46208
46209
46210
46211
46212
46213
46214
46215
46216
46217
46218
46219
46220
46221
46222
46223
46224
46225
46226
46227
46228
46229
46230
46231
46232
46233
46234
46235
46236
46237
46238
46239
46240
46241
46242
46243
46244
46245
46246
46247
46248
46249
46250
46251
46252
46253
46254
46255
46256
46257
46258
46259
46260
46261
46262
46263
46264
46265
46266
46267
46268
46269
46270
46271
46272
46273
46274
46275
46276
46277
46278
46279
46280
46281
46282
46283
46284
46285
46286
46287
46288
46289
46290
46291
46292
46293
46294
46295
46296
46297
46298
46299
46300
46301
46302
46303
46304
46305
46306
46307
46308
46309
46310
46311
46312
46313
46314
46315
46316
46317
46318
46319
46320
46321
46322
46323
46324
46325
46326
46327
46328
46329
46330
46331
46332
46333
46334
46335
46336
46337
46338
46339
46340
46341
46342
46343
46344
46345
46346
46347
46348
46349
46350
46351
46352
46353
46354
46355
46356
46357
46358
46359
46360
46361
46362
46363
46364
46365
46366
46367
46368
46369
46370
46371
46372
46373
46374
46375
46376
46377
46378
46379
46380
46381
46382
46383
46384
46385
46386
46387
46388
46389
46390
46391
46392
46393
46394
46395
46396
46397
46398
46399
46400
46401
46402
46403
46404
46405
46406
46407
46408
46409
46410
46411
46412
46413
46414
46415
46416
46417
46418
46419
46420
46421
46422
46423
46424
46425
46426
46427
46428
46429
46430
46431
46432
46433
46434
46435
46436
46437
46438
46439
46440
46441
46442
46443
46449
46457
46458
46459
46460
46461
46462
46463
46464
46465
46466
46480
46538
46539
46540
46541
46542
46543
46544
46545
46546
46547
46548
46549
46550
46551
46552
46553
46554
46576
46577
46578
46579
46580
46581
46582
46583
46584
46585
46586
46587
46588
46589
46590
46591
46592
46607
46608
46609
46618
46619
46620
46621
46622
46623
46624
46625
46626
46627
46658
46662
46663
46664
46665
46666
46682
46721
46723
46724
46737
46746
46750
46751
46788
46797
46798
46800
46801
46802
46803
46830
46835
46846
46847
46848
46849
46855
46860
46862
46869
46871
46872
46873
46874
46875
46876
46902
46916
46917
46962
46964
46990
46995
47003
47006
47072
47073
47076
47077
47081
47083
47084
47093
47097
47106
47215
47261
47262
47270
47302
47394
47423
47427
47428
47439
47445
47456
47457
47473
47476
47477
47480
47481
47485
47486
47487
47489
47490
47507
47509
47520
47532
47533
47534
47547
47549
47550
47569
47608
47609
47619
47620
47621
47622
47623
47624
47625
47629
47656
47657
47658
47659
47660
47661
47662
47663
47664
47665
47666
47678
47679
47680
47715
47720
47731
47746
47753
47755
47772
47777
47778
47780
47830
47850
47920
47922
47923
47970
47971
47972
47976
47982
47983
47986
48009
48010
48012
48013
48014
48015
48018
48019
48023
48039
48052
48057
48061
48066
48067
48068
48073
48116
48117
48118
48119
48120
48186
48191
48194
48195
48208
48220
48223
48224
48251
48253
48255
48256
48303
48308
48309
48310
48311
48312
48313
48314
48315
48316
48317
48318
48319
48320
48321
48322
48323
48339
48340
48341
48342
48343
48344
48345
48346
48347
48348
48349
48350
48376
48377
48378
48379
48380
48381
48382
48383
48384
48385
48386
48387
48388
48389
48390
48391
48392
48393
48394
48395
48410
48423
48424
48425
48426
48435
48441
48442
48443
48444
48445
48446
48449
48450
48451
48452
48453
48463
48464
48465
48466
48467
48543
48579
48581
48582
48583
48584
48585
48587
48588
48589
48590
48591
48595
48596
48597
48598
48599
48600
48601
48602
48603
48604
48605
48606
48607
48608
48609
48618
48619
48620
48621
48624
48625
48627
48631
48632
48639
48640
48641
48646
48647
48648
48650
48651
48653
48654
48655
48656
48657
48658
48659
48660
48661
48662
48663
48664
48665
48666
48667
48668
48669
48670
48671
48672
48673
48674
48675
48676
48677
48678
48679
48680
48681
48682
48683
48684
48685
48686
48687
48688
48689
48690
48691
48692
48693
48694
48695
48696
48697
48698
48699
48700
48701
48702
48703
48704
48705
48706
48707
48708
48709
48710
48711
48712
48713
48714
48715
48716
48718
48720
48727
48728
48733
48734
48735
48736
48737
48738
48739
48740
48741
48742
48743
48744
48745
48746
48747
48748
48749
48750
48751
48752
48753
48754
48755
48756
48757
48758
48759
48760
48761
48762
48763
48764
48765
48766
48767
48768
48769
48770
48771
48772
48773
48774
48775
48776
48777
48778
48779
48780
48781
48782
48783
48784
48785
48786
48787
48788
48789
48790
48791
48792
48793
48794
48795
48796
48797
48798
48799
48800
48801
48802
48803
48804
48805
48806
48807
48808
48809
48810
48811
48812
48813
48814
48815
48816
48817
48818
48819
48820
48821
48822
48823
48824
48825
48826
48827
48828
48829
48830
48831
48832
48833
48834
48835
48836
48837
48838
48839
48840
48841
48842
48843
48844
48845
48846
48847
48848
48849
48850
48851
48852
48853
48854
48855
48856
48857
48858
48859
48860
48861
48862
48863
48864
48865
48866
48867
48868
48869
48870
48871
48872
48873
48874
48875
48876
48877
48878
48879
48880
48881
48882
48883
48884
48885
48886
48887
48888
48889
48890
48891
48892
48893
48894
48895
48896
48897
48898
48899
48900
48901
48902
48903
48904
48905
48906
48907
48908
48909
48910
48911
48912
48913
48914
48915
48916
48917
48918
48919
48920
48921
48922
48923
48924
48925
48926
48927
48928
48929
48930
48931
48932
48933
48934
48935
48936
48937
48938
48939
48940
48941
48942
48943
48944
48958
48971
48984
48990
49081
49082
49127
49130
49131
49187
49190
49194
49196
49205
49211
49225
49274
49366
49386
49396
49400
49414
49415
49416
49417
49418
49419
49420
49421
49427
49431
49432
49433
49434
49435
49436
49437
49438
49451
49461
49465
49466
49501
49502
49503
49505
49506
49529
49531
49740
49770
49772
49773
49774
49775
49777
49778
49779
49780
49781
49782
49808
49811
49816
49817
49818
49819
49820
49821
49822
49823
49824
49827
49830
49831
49833
49834
49839
49840
49841
49843
49846
49847
49848
49850
49855
49856
49858
49872
49873
49874
49878
49883
49884
49885
49886
49887
49888
49889
49896
49909
49910
49918
49923
49924
49925
49926
49927
49958
49959
49972
49974
50014
50105
50132
50133
50134
50135
50136
50137
50138
50139
50145
50146
50148
50149
50155
50156
50157
50158
50159
50167
50189
50190
50191
50192
50193
50194
50195
50196
50197
50198
50202
50203
50204
50205
50206
50211
50219
50221
50228
50229
50230
50231
50232
50233
50234
50235
50236
50237
50238
50239
50244
50248
50250
50251
50253
50254
50255
50256
50257
50258
50259
50260
50261
50262
50263
50264
50265
50266
50267
50268
50269
50270
50271
50272
50273
50274
50275
50276
50277
50278
50279
50280
50281
50282
50283
50284
50285
50286
50287
50288
50289
50290
50291
50292
50293
50294
50295
50296
50297
50298
50299
50300
50301
50302
50303
50304
50305
50306
50307
50308
50309
50310
50311
50312
50313
50314
50315
50316
50317
50318
50319
50320
50321
50322
50323
50324
50325
50326
50327
50328
50329
50330
50331
50332
50333
50334
50335
50336
50337
50338
50339
50340
50341
50342
50343
50344
50345
50346
50347
50348
50349
50350
50351
50352
50353
50354
50355
50356
50357
50358
50359
50360
50361
50362
50363
50364
50365
50367
50375
50376
50386
50398
50406
50408
50412
50422
50430
50433
50434
50435
50436
50437
50439
50441
50442
50445
50454
50457
50459
50460
50461
50462
50463
50464
50481
50503
50507
50528
50529
50532
50545
50546
50547
50548
50549
50550
50551
50568
50569
50579
50580
50581
50582
50583
50584
50585
50586
50587
50588
50591
50592
50594
50598
50601
50608
50609
50610
50611
50626
50643
50644
50646
50654
50669
50670
50674
50681
50684
50685
50686
50687
50688
50712
50718
50725
50730
50731
50732
50733
50734
50746
50747
50748
50749
50750
50751
50752
50753
50754
50755
50762
50763
50764
50769
50770
50771
50772
50773
50801
50805
50830
50844
50848
50870
50994
50995
50996
50998
51005
51006
51007
51013
51019
51020
51021
51022
51024
51025
51026
51029
51037
51039
51065
51066
51067
51068
51069
51070
51071
51072
51073
51099
51100
51109
51110
51111
51115
51116
51117
51118
51119
51120
51121
51167
51168
51177
51178
51181
51182
51183
51184
51185
51186
51187
51190
51214
51325
51327
51330
51341
51348
51354
51357
51413
51414
51415
51450
51454
51456
51457
51472
51486
51487
51488
51489
51490
51498
51507
51545
51581
51585
51601
51631
51636
51659
51666
51699
51700
51720
51726
51730
51731
51732
51749
51761
51768
51770
51771
51772
51773
51774
51775
51776
51777
51778
51779
51780
51781
51782
51783
51784
51785
51787
51788
51789
51790
51791
51792
51793
51794
51795
51796
51797
51798
51799
51800
51801
51802
51803
51804
51805
51806
51807
51808
51809
51810
51811
51812
51813
51814
51815
51816
51817
51818
51819
51820
51821
51822
51823
51824
51825
51826
51827
51828
51829
51830
51831
51832
51833
51834
51835
51836
51837
51838
51839
51840
51841
51842
51843
51844
51845
51846
51847
51848
51849
51850
51851
51852
51853
51854
51855
51856
51857
51858
51859
51860
51861
51862
51863
51864
51865
51866
51867
51868
51869
51870
51871
51872
51873
51874
51875
51876
51877
51878
51879
51880
51881
51882
51883
51884
51885
51886
51887
51888
51889
51890
51891
51892
51893
51894
51895
51896
51897
51898
51899
51900
51901
51902
51903
51904
51905
51906
51907
51920
51922
52012
52052
52124
52127
52128
52163
52181
52192
52203
52205
52212
52229
52244
52305
52342
52353
52375
52376
52403
52410
52426
52427
52428
52472
52482
52483
52494
52510
52522
52564
52576
52578
52579
52640
52642
52688
52867
52902
52979
52980
53036
53093
53094
53095
53096
53097
53098
53099
53100
53101
53102
53103
53111
53122
53146
53149
53153
53154
53155
53157
53164
53167
53170
53174
53178
53179
53180
53181
53182
53185
53188
53191
53192
53193
53194
53199
53206
53210
53211
53212
53213
53222
53223
53227
53228
53233
53236
53237
53242
53251
53256
53259
53260
53261
53262
53263
53264
53266
53267
53268
53270
53271
53276
53277
53286
53287
53288
53289
53290
53291
53300
53303
53305
53306
53307
53308
53310
53314
53318
53321
53322
53327
53328
53329
53332
53333
53334
53335
53336
53337
53338
53343
53344
53345
53347
53348
53355
53359
53369
53370
53376
53380
53381
53382
53383
53387
53388
53391
53405
53419
53425
53429
53430
53435
53441
53443
53444
53445
53447
53453
53454
53456
53463
53475
53483
53489
53490
53491
53492
53493
53494
53495
53497
53498
53499
53500
53501
53502
53503
53504
53505
53506
53507
53508
53509
53510
53511
53512
53515
53516
53517
53518
53519
53522
53523
53524
53526
53527
53528
53529
53530
53533
53535
53536
53538
53539
53540
53541
53542
53543
53544
53547
53549
53550
53551
53554
53555
53556
53559
53561
53563
53564
53565
53567
53568
53570
53573
53576
53578
53579
53580
53581
53582
53583
53584
53585
53586
53587
53588
53589
53590
53591
53592
53593
53594
53595
53596
53597
53598
53599
53600
53601
53602
53603
53604
53605
53606
53607
53608
53609
53610
53611
53612
53613
53614
53615
53616
53617
53618
53619
53620
53621
53622
53623
53624
53625
53626
53627
53628
53629
53630
53631
53632
53633
53634
53635
53636
53637
53638
53639
53640
53641
53642
53643
53644
53645
53646
53647
53648
53649
53650
53657
53694
53747
53749
53750
53751
53755
53756
53790
53793
53809
53819
53821
53822
53825
53830
53831
53836
53838
53841
53842
53851
53852
53868
53871
53872
53874
53875
53876
53877
53880
53888
53889
53890
53893
53894
53896
53898
53912
53913
53914
53915
53916
53917
53918
53919
53950
53951
53952
53953
53954
53955
53956
53957
53958
53959
53960
53961
53962
53963
53980
53983
53984
53985
53994
53996
54000
54008
54009
54021
54024
54032
54036
54037
54038
54041
54042
54043
54047
54052
54053
54054
54055
54057
54061
54064
54066
54067
54071
54072
54073
54074
54076
54077
54080
54085
54086
54090
54097
54098
54108
54124
54146
54147
54148
54149
54150
54151
54152
54153
54154
54156
54159
54160
54163
54164
54165
54167
54168
54169
54170
54171
54172
54173
54174
54176
54177
54180
54181
54182
54183
54187
54188
54190
54191
54192
54193
54194
54195
54196
54198
54211
54212
54216
54220
54238
54239
54250
54252
54253
54254
54266
54267
54268
54269
54270
54272
54284
54339
54346
54354
54369
54373
54378
54379
54381
54395
54518
54536
54558
54631
54633
54646
54706
54707
54709
54711
54742
54743
54744
54745
54746
54748
54767
54772
54775
54783
54784
54785
54786
54787
54788
54789
54790
54791
54792
54793
54794
54795
54796
54797
54798
54799
54800
54801
54802
54803
54804
54805
54806
54807
54808
54809
54810
54811
54812
54813
54814
54815
54816
54817
54818
54819
54820
54821
54822
54823
54824
54825
54826
54827
54828
54829
54830
54831
54832
54833
54834
54835
54836
54837
54838
54839
54840
54841
54842
54843
54844
54845
54846
54847
54848
54849
54850
54851
54852
54853
54854
54855
54856
54857
54858
54859
54860
54861
54862
54863
54864
54865
54866
54867
54868
54869
54870
54871
54872
54873
54874
54875
54876
54877
54878
54879
54880
54881
54882
54883
54884
54885
54886
54887
54888
54889
54890
54891
54892
54893
54894
54901
54923
54938
54943
54951
54952
54953
54955
54962
54970
54972
54977
54984
54989
54994
54995
55002
55007
55008
55009
55011
55141
55182
55184
55216
55217
55218
55225
55239
55284
55306
55338
55339
55340
55341
55342
55364
55387
55518
55519
55520
55521
55528
55536
55541
55554
55555
55556
55557
55558
55559
55560
55561
55562
55563
55564
55565
55566
55567
55568
55569
55570
55571
55572
55573
55574
55575
55576
55577
55578
55579
55580
55581
55582
55583
55584
55585
55586
55587
55588
55589
55590
55591
55592
55593
55594
55595
55596
55597
55598
55599
55600
55601
55602
55603
55604
55605
55606
55607
55608
55609
55610
55611
55612
55613
55614
55615
55616
55617
55618
55619
55620
55621
55622
55623
55624
55625
55626
55627
55628
55629
55630
55631
55632
55633
55634
55635
55636
55637
55638
55639
55640
55641
55642
55643
55644
55645
55646
55647
55648
55649
55650
55651
55652
55653
55654
55655
55656
55657
55658
55659
55660
55661
55662
55663
55664
55665
55666
55667
55668
55669
55670
55671
55672
55673
55674
55675
55676
55677
55678
55679
55680
55681
55682
55683
55684
55685
55686
55687
55688
55689
55690
55691
55692
55693
55694
55695
55696
55697
55698
55699
55700
55701
55702
55703
55704
55705
55706
55707
55708
55709
55710
55711
55712
55713
55714
55715
55716
55717
55718
55719
55720
55721
55722
55723
55724
55725
55726
55727
55728
55729
55730
55731
55732
55733
55734
55735
55736
55737
55738
55739
55740
55741
55742
55743
55744
55745
55746
55747
55748
55749
55750
55751
55752
55753
55754
55755
55756
55757
55758
55759
55760
55761
55762
55763
55764
55765
55766
55767
55768
55769
55770
55771
55772
55773
55774
55775
55776
55777
55778
55779
55780
55781
55782
55783
55784
55785
55786
55787
55788
55789
55790
55791
55792
55793
55794
55795
55796
55797
55798
55799
55800
55801
55802
55803
55804
55805
55806
55807
55808
55809
55810
55811
55812
55813
55814
55815
55816
55817
55818
55819
55820
55821
55822
55823
55824
55825
55826
55827
55828
55829
55830
55831
55832
55833
55834
55835
55836
55837
55838
55839
55856
55876
55901
55903
55904
55905
55929
55988
56115
56116
56117
56118
56119
56206
56245
56246
56247
56280
56283
56284
56300
56358
56389
56390
56414
56416
56417
56418
56419
56420
56421
56422
56423
56425
56426
56427
56428
56429
56440
56441
56442
56466
56475
56491
56492
56493
56494
56495
56496
56497
56498
56499
56500
56501
56502
56503
56504
56505
56506
56507
56508
56509
56510
56511
56512
56513
56514
56515
56516
56517
56518
56519
56520
56521
56522
56523
56524
56525
56526
56527
56528
56529
56530
56531
56532
56533
56534
56535
56536
56537
56538
56539
56540
56541
56542
56543
56544
56545
56546
56547
56548
56549
56550
56551
56552
56553
56554
56555
56556
56557
56558
56559
56560
56561
56562
56563
56564
56565
56566
56567
56568
56569
56570
56571
56572
56573
56574
56575
56576
56577
56578
56579
56580
56581
56582
56583
56584
56585
56586
56587
56588
56589
56590
56591
56592
56593
56594
56595
56596
56597
56598
56599
56600
56601
56602
56603
56604
56605
56606
56607
56608
56609
56610
56611
56612
56613
56614
56615
56616
56617
56618
56619
56620
56621
56622
56623
56624
56625
56626
56627
56628
56629
56630
56631
56632
56633
56634
56635
56636
56637
56638
56639
56640
56641
56642
56643
56644
56645
56646
56647
56648
56649
56650
56651
56652
56653
56654
56655
56656
56657
56658
56659
56660
56661
56662
56663
56664
56665
56666
56667
56668
56669
56670
56671
56672
56673
56674
56675
56676
56677
56678
56679
56680
56681
56682
56683
56684
56685
56686
56687
56688
56689
56690
56691
56692
56693
56694
56695
56696
56697
56698
56699
56700
56701
56702
56703
56704
56705
56706
56707
56708
56709
56710
56711
56712
56713
56714
56715
56716
56717
56718
56719
56720
56721
56722
56723
56724
56725
56726
56727
56728
56729
56730
56731
56732
56733
56734
56735
56736
56737
56738
56739
56740
56741
56742
56743
56744
56745
56746
56747
56748
56749
56750
56751
56752
56753
56754
56755
56756
56757
56758
56759
56760
56761
56762
56763
56764
56765
56766
56767
56768
56769
56770
56771
56772
56773
56774
56775
56776
56777
56778
56779
56780
56781
56782
56783
56784
56785
56786
56787
56788
56789
56790
56791
56792
56793
56794
56795
56796
56797
56798
56799
56800
56801
56802
56803
56804
56805
56806
56807
56808
56809
56810
56811
56812
56813
56814
56815
56816
56817
56818
56819
56820
56821
56822
56823
56824
56825
56826
56827
56828
56830
56831
56833
56838
56845
56846
56856
56857
56858
56859
56860
56861
56862
56863
56864
56865
56866
56867
56868
56869
56870
56871
56872
56873
56879
56899
56900
56906
56907
56911
56915
56916
56917
56918
56919
56920
56921
56922
56923
56924
56930
56936
56938
56939
56945
56959
56961
56962
56963
56965
56966
56971
56972
56977
56978
56985
56986
56988
56998
56999
57001
57056
57059
57063
57066
57081
57084
57090
57113
57114
57120
57123
57124
57126
57128
57136
57138
57184
57189
57206
57214
57221
57260
57273
57274
57279
57303
57307
57312
57313
57314
57318
57321
57325
57327
57335
57342
57343
57344
57347
57348
57354
57492
57493
57500
57508
57509